52390.22780  29.1  1.4  
52422.14712  10.2  1.4  
52453.04281  11.9  1.5  
52456.07120  20.2  1.6  
52477.02060  8.1  1.5  
52711.26892  -29.3  2.9  
52747.25274  -34.7  1.5  
52751.26030  -34.4  1.4  
52786.09989  -59.4  1.3  
52858.95394  -25.3  1.3  
52942.93463  -17.4  1.9  
53214.09869  8.2  1.8  
53216.04487  9.1  1.4  
53242.96824  20.6  1.3  
53484.23874  31.4  1.3  
53486.16508  35.1  1.4  
53510.17399  18.3  1.4  
53521.19560  17.8  1.4  
53572.06973  34.9  1.3  
53631.89779  49.5  1.2  
53842.24103  -31.5  1.5  
53939.00914  -16.8  1.3  
53947.05674  -21.3  1.2  
54008.91766  -9.9  0.9  
54011.90938  -5.1  1.4  
54015.94916  -9.4  1.1  
54017.89861  -3.0  1.3  
54037.89603  -9.0  1.4  
54224.26216  -40.6  1.2  
54227.16135  -28.6  1.3  
54255.03411  -27.9  1.2  
54371.88740  25.7  1.1  
54553.20262  18.1  1.6  
54907.25523  4.8  1.7  
55101.91055  1.3  1.2  
55104.94555  -10.7  1.4  
55109.96044  -22.7  1.3  
55313.25667  -52.9  1.4  
55317.16029  -35.3  1.5  
55376.12410  -16.8  1.5  
55399.06643  -7.1  1.4  
55429.85887  6.8  1.4  
55456.87174  4.8  1.7  
55664.29971  19.6  1.3  
55692.24347  36.7  1.5  
55756.91450  74.4  1.9  
55786.07264  65.2  1.9  
